7001
70030
70031
70032
70033
70039
70057
70060
70061
70066
700681
700682
700684
700686
700687
700688
70069
7007
70081
70082
70083
70084
70085
70086
70087
70088
70089
70111
70113
70116
701172
701173
701174
701175
701178
701179
701192
701193
701195
701196
701198
70120
70122
70126
70128
70130
70132
70133
70135
70137
70139
70140
70141
70143
70144
70146
70147
70148
70149
70150
701512
701513
701514
701515
701516
701517
701519
70153
70154
70155
70157
70158
70159
70160
70161
70162
70163
70164
70165
70167
70168
70181
70183
70185
70186
70187
70188
70189
70191
70192
70193
70194
70195
70196
70197
70198
70199
7020
702124
702125
702126
702127
702128
702129
702150
702151
702152
702153
702154
702155
702156
702157
702158
70216
702170
702171
702172
702173
702178
702179
702180
702181
702182
702183
702184
702185
702186
702188
702189
70219
70220
70221
70223
70224
70225
70226
70227
70228
70229
70231
70232
70233
70234
70235
70236
70237
702380
702381
702385
702387
702389
70239
70241
70242
70243
70244
70245
70246
70247
70248
70249
7025
70260
70261
70262
70263
70265
70266
70267
70268
70269
7027
70280
70281
702821
702823
702825
702827
702828
70283
702842
702844
702845
702847
702866
702867
702869
702871
702872
702874
702876
702877
702878
702879
702884
702889
70289
702908
702909
70291
702920
702921
702922
702923
702924
702925
702926
702927
702929
702941
702943
702944
702947
70296
70297
70298
70299
70302
703051
703052
703053
703054
703055
703056
703057
703058
70307
703081
703082
703083
703084
703085
703086
703087
703088
70310
70311
70312
70313
70314
703201
703202
703203
703204
703205
703206
703207
703208
703209
70321
70322
70323
70324
70325
70326
70327
70328
70329
70330
70332
70333
70334
703350
703351
703352
703354
703355
703356
703357
703358
703359
70336
70337
70338
70339
70340
70341
70343
70344
70345
70346
703470
703477
70348
703490
703494
703499
70350
703510
703511
703512
703514
703516
703518
70352
70353
70355
70356
70358
70360
70363
70365
70366
70367
70368
703801
703802
703803
703804
703805
703806
703807
703808
703809
70381
70382
703830
703831
703832
703833
703834
703835
703836
703837
703839
70384
70385
70386
70390
70392
70393
70395
70396
70397
70398
704000
704001
70402
70403
70410
70411
70412
70414
70415
70416
70417
70418
70419
70420
70421
70423
70424
70426
70430
70431
70432
70435
704360
704361
704363
704364
704366
704367
704368
704369
70440
70441
70442
70443
70445
70446
70447
70450
70453
70454
70455
7046
70470
70471
70472
70477
704780
704781
704782
704785
70480
70481
70483
70484
70486
70487
70488
70490
70492
704931
704933
704935
704937
704938
704939
70496
70497
70498
70499
7050
7051
70524
70526
70528
70529
70530
70532
70534
70536
70537
70540
70543
70545
70547
70550
70552
70555
705561
705562
705563
705564
705565
705567
705568
705569
705621
705622
705623
705624
705625
705626
705627
705628
705629
70564
70568
705720
70574
70576
705802
705806
705808
705811
705812
705814
705815
705816
705817
705818
70583
70587
70590
70594
70595
70596
70597
70598
70599
70611
70612
70616
70622
706261
706262
706263
706264
706265
706266
706267
706268
706269
70643
70645
70647
706480
706481
706482
706483
706485
706486
706487
706488
70649
70651
70653
70656
70672
70674
70676
706832
706839
70689
70692
70694
70695
70696
70699
70703
70705
70706
70707
70708
70711
70717
70718
70719
70721
70723
70725
70729
70730
70731
70732
70733
70734
70736
70737
70738
70739
7075
70760
70761
70763
70764
70765
70766
70767
70768
70769
70771
70775
70777
70778
70779
70781
70782
70784
70785
70786
70787
70789
70791
707921
707923
707925
707927
707928
70793
70794
70795
70796
70797
70798
70799
70800
70801
70802
70803
70804
70805
70806
70807
70808
708090
708091
708092
708094
708096
708097
708098
708099
70813
70814
70815
70816
70818
70820
70821
70822
70844
70850
70851
70852
70853
70855
708580
708581
708585
70859
70861
70862
70863
708640
708641
708642
708643
708644
708645
708647
708649
70865
70866
70867
708680
708681
708682
708683
708684
708686
708688
708689
708699
708700
708701
708702
708703
708704
708705
708706
708707
708708
708710
708737
708744
708747
708749
70875
708760
708761
708763
708765
708767
708787
708815
708818
708822
708825
708826
708827
708828
708829
708830
708832
708833
708834
708835
708836
708837
708838
708839
70884
70885
708860
708862
708863
708864
708865
708866
708867
708868
708869
708870
708871
708873
708874
708875
708876
708877
708878
708879
70888
708890
708891
708892
708893
708894
708895
708897
708899
70890
70891
708920
708923
708928
70893
70895
70897
70898
70899
70900
70906
70907
70909
70913
7092
709300
709301
709302
709304
709306
709307
709308
709309
70931
70932
70933
70934
70935
70936
70937
70938
70939
70940
70941
70942
70944
70945
70946
70947
70949
7095
7096
7097
70980
70981
709821
709822
709823
709824
709825
709826
709827
709828
709829
70983
70984
709851
709852
709853
709854
709855
709856
709857
709858
709859
70986
709874
709876
70988
70989
70990
70991
70992
70993
70995
70996
70997
70998
7100
7101
7102
7103
7104
7105
7108
7109
711
712
713
714
715
716
717
718
719
72
7313
7314
7315
7316
7317
7318
7319
732
7330
7331
7332
7333
7334
7335
7336
73780
73800
73892
73893
73894
73895
73974
74060
74061
74062
74063
74064
74069
74083
74084
74085
74170
74171
74176
74177
74181
74188
74390
74391
74392
74393
74408
74412
74515
74578
74579
74653
74880
75203
75204
75205
75208
75209
75325
75370
75372
75375
75580
75581
75582
75583
75584
75585
75586
75587
75589
75591
75592
75593
75596
75710
75718
75890
75891
75892
75893
75899
76007
7601
76022
762455
76247
7627
7628
7629
7642
76433
76444
76445
7645
7646
7647
7648
7649
76540
76541
76544
76547
76548
76549
7655
7656
7657
7658
76590
76597
76607
76608
76609
7662
76630
76636
7664
7665
7667
7668
76696
7670
7671
7672
7673
7674
7675
7676
76772
76776
76777
7678
7679
7680
76811
76812
76813
76815
76816
76817
76819
77002
77004
77005
77006
77009
77440
77441
77550
77551
77556
77557
77558
77559
78222
78223
78225
78227
78229
78290
78291
78292
78293
78294
78295
78296
78644
78745
78922
78933
79113
79114
79115
79116
79119
79245
79780
79781
79784
79785
79786
